Noisy grasps ordered:
Run 1
No weights for metrics
Simple addition
[ 98 133  41 159 283 272 131 231 152 243  53  77  35 139 290 188  95 292
   4 279 218  63 175  26 186 192  40 298  69 254 236 193 167 114 143 297
  25  49 108  37  61 121 278 172 286 302 225 226 144 300 209 232 135 265
 151 164  36  14 244 266 249  28  62  78 149 304 157  99  32 240 242 161
 163 119 233  22  17 141  60 155 253  30 280 221 277 204 224 230 184 153
 140 165  59 148 268 260  67 187 303 194 102 150 229 124 276 142 162 110
 166  10  38  13 179 199 113 235 261 216  20 267  96 264 196 101 191 103
 241 201 146 177 205  52  29 200 185   8 248 154 274  83 284 160 256 169
 227 234 258 168 176 287  55 158 132 301 214 173  89  11  31  44  97  58
 115  43 137  93 228 238  47 170 237 118  80  39 189  82  24  64   7 107
 210  70  84  27  56 197 282 181  71 207 291 183 180   2 212 285  68 294
 247  23  50 138   9  12   3 125 246 223  19 250  66 190   5 245  87 289
 100 257 178  72 255 262 202 271  18  15  45 134 270 128 104 195  65 174
  57  74 252   1  51 222  16   6 220  34 136  90  81  21  91 211  86 171
 239 156 117   0 288 293  46 273  75 198 259 296 145 116 215  42 120  48
  54 111  92  85 299  94 263 213  33 127  88 112 129 105 206  79 203 122
  76 109 123 208 219 182 269 281 106  73 275 147 295 217 251 130 126]